1
20		2		2		5

2
0		1		1		5

3
465		23		67		5

3
15		2		8		5

3
0		1		0		5

4
90		5		27	5

5
50		4		15		5

6
165		10		26		5

7
560		32		103		5

8
165		9		30		5

9
205		13		128		5

10
480		26		66		1099

11
440		26		69		1173

13
0		1		5		24

14
15		2		2		83

15
540		24		65		867

16
200		11		26		251

17
1575		91		208		2191

18
1325		63		138		1397

19
0		1		3		28

20
65		6		8		101

21
0		1		2		33

22
70		4		8		96

23
155		10		21		283

24
75		6		9		126

25
20		2		10		123

26
135		7		14		196

27
235		15		45		615

28
1060		63		425		2462

29
0		1		3		27

30
0		1		49		33

31
0		1		3		34

32
790		47		132		1142

33
90		8		21		186

34
680		38		101		874

35
315		17		38		336

36
610		34		75		651

37
30		4		21		226

38
65		5		19		210

39
120		6		17		151

40
250		13		25		271

41
355		22		66		560

42
35		2		5		58

43
65		5		10		108

44
960		42		105		1169

45
20		2		9		83

46
335		20		44		483

47
565		29		66		566

48
35		3		6		56

49
180		4		14		126

50
10		2		11		59

51
145		4		20		178

52
285		8		31		258

53
235		1		7		60

54
145		3		19		160

55
225		6		27		286

56
140		4		15		134

57
2525		39		159		1388

58
435		9		39		396

59
1070		22		94		978

60
500		8		45		614

61
1660		12		97		1322

62
1110		16		73		988

63
695		18		78		662

64
375		20		57		473

65
1225		61		178		1531

66
1065		43		136		1136

67
475		23		58		483

68
45		4		12		102

69
320		16		42		351

70
80		5		12		102

71
150		10		39		326

72
35		3		10		87

73
45		4		9		74

74
195		10		37		308

75
40		3		6		55

76
530		26		83		692

77
250		10		24		192

78
20		3		8		85

79
290		16		50		509

80
45		3		5		50

81
40		3		7		72

82
20		3		5		57

83
0		1		0		7

84
25		3		14		102

85
265		14		43		442

86
45		3		8		85

87
25		3		9		93

88
135		10		24		249

89
120		6		19		191

90
630		25		89		915

91
10		2		10		106

92
95		6		22		230

93
120		6		26		267

94
20		3		4		40

95
70		5		22		223

96
35		2		3		39

97
0		1		2		29

98
0		1		2		24

99
20		3		9		88

100
75		7		23		220

101
0		1		5		49

102
10		2		8		77

103
0		1		4		37

104
25		3		10		101

105
0		1		4		44

106
0		1		9		91

107
35		3		6		64

108
10		2		3		32

109
65		4		5		52

110
0		1		4		38

111
20		2		3		36

112
0		1		4		45

113
15		2		4		43

114
10		2		5		48

115
35		2		7		72

116
0		1		4		43

117
0		1		4		46

118
0		1		4		37

119
0		1		23		216

120
0		1		0		1

121
20		3		11		111

122
70		5		15		148

123
160		10		33		319

124
35		3		12		119

125
0		1		4		37

126
55		5		15		141

127
50		3		9		87

128
30		3		10		103

129
640		25		111		1067

130
50		3		12		121

131
35		2		8		82

132
210		10		35		361

133
60		3		6		65

134
10		2		41		335

135
55		4		55		125

136
485		24		77		672

137
160		11		45		357

138
60		5		21		153

139
70		6		19		168

140
220		12		39		433

141
725		27		72		842

142
85		5		10		113

143
205		16		46		464

144
35		2		5		57

145
0		1		0		6

146
40		3		7		77

147
80		8		19		216

148
475		20		55		626

149
35		3		7		82

150
155		9		24		266

151
50		3		3		37

152
500		22		55		765

153
75		6		10		137

154
35		4		11		151

155
80		4		6		86

156
60		3		5		80

157
715		24		57		796

158
275		17		41		571

159
490		26		57		797

160
215		10		24		335

161
670		20		64		898

162
105		9		20		270

163
305		16		35		492

164
245		12		28		388

165
455		22		57		801

166
70		5		7		106

167
25		3		6		81

168
510		16		51		710

169
120		8		19		267

170
160		11		31		429

171
230		14		35		483

172
0		1		0		5

173
450		21		34		464

174
120		6		13		176

175
365		17		41		565

176
0		1		1		20

177
130		8		15		212

178
100		6		10		148

179
40		3		5		74

180
520		17		55		768

181
480		23		57		794

182
355		23		42		577

183
180		9		25		343

184
385		6		66		925

185
525		26		54		752

186
0		1		1		25

187
0		1		256		4099

188
185		9		16		217

189
160		10		15		212

190
300		15		29		394

191
565		32		78		1090

192
110		6		15		215

193
0		1		1		22

194
220		14		37		419

195
850		29		107		1243

196
130		8		62		139

197
45		4		16		234

198
555		23		64		919

199
305		17		39		543

200
115		8		14		203

201
245		14		42		589

202
185		11		26		362

203
425		21		40		565

204
605		21		62		653

205
1680		37		160		1988

206
1705		45		164		2068

207
740		22		76		1060

208
430		16		42		581

209
415		18		55		762

210
15		2		2		26

211
0		1		13		176

212
0		1		0		2

213
0		1		3		47

214
45		4		10		135

215
165		10		28		392

216
170		9		17		238

217
115		8		15		210

218
225		12		35		477

219
160		8		15		201

220
615		30		55		763

221
370		23		61		843

222
515		12		64		883

223
125		7		10		141

224
145		9		22		306

225
1025		37		112		1536

226
190		11		31		424

227
40		4		5		76

228
140		10		19		266

229
500		18		50		699

230
405		22		42		579

231
400		19		40		555

232
115		8		20		231

233
45		4		19		218

234
70		6		13		147

235
20		2		1		20

236
205		11		32		313

237
190		10		20		220

238
780		27		100		1045

239
1780		57		233		2873

240
65		4		6		84

241
250		14		30		414

242
45		4		9		128

243
1965		84		217		3314

244
1010		30		108		1522

245
500		28		68		938

246
55		5		15		211

247
275		17		51		692

248
630		20		63		853

249
35		2		3		53

250
185		10		19		259

251
30		4		11		135

252
895		32		103		1422

253
100		7		21		284

254
95		7		14		186

255
10		2		2		37

256
155		9		21		267

257
360		22		63		714

258
235		11		27		301

259
470		17		57		642

260
325		16		59		668

261
965		40		115		1345

262
950		28		94		1083

263
715		21		89		1010

264
10		2		4		52

265
0		1		5		57

266
0		1		3		42

267
15		2		3		43

268
115		6		12		142

269
925		36		117		1659

270
150		10		34		463

271
0		1		0		3

272
230		14		27		363

273
125		6		15		213

274
1805		36		189		2832

275
665		29		74		1018